image_width: 640
image_height: 480
camera_name: camera
camera_matrix:
  rows: 3
  cols: 3
  data: [634.362692, 0, 312.123757, 0, 634.469467, 259.153837, 0, 0, 1]
distortion_model: plumb_bob
distortion_coefficients:
  rows: 1
  cols: 5
  data: [0.099303, -0.409211, 0.000495, 0.003863, 0]
rectification_matrix:
  rows: 3
  cols: 3
  data: [1, 0, 0, 0, 1, 0, 0, 0, 1]
projection_matrix:
  rows: 3
  cols: 4
  data: [633.555115, 0, 313.642563, 0, 0, 638.32074, 259.468885, 0, 0, 0, 1, 0]
