# name: debug
# type: sparse matrix
# nnz: 4068
# rows: 90
# columns: 90

1 1 11.8576827
2 1 -0.373767016
3 1 -1.55895314
4 1 3.81196274e+21
5 1 -3.06325834e+23
6 1 8.18986495e+22
7 1 0.162453703
8 1 0.320262748
9 1 2.97733352
10 1 -26.1335887
11 1 -206.213668
12 1 -2.7152764
13 1 1.90630886
14 1 -0.500924207
15 1 0.321878902
16 1 38.8021459
17 1 -20.9420197
18 1 -21.6421484
19 1 0.702005943
20 1 1.51038651
21 1 -1.00371657
22 1 -82.2819037
23 1 -99.1813432
24 1 -47.3818427
25 1 0.0974896086
26 1 0.279585162
27 1 1.97676412
28 1 -86.8916021
29 1 97.5705437
30 1 -97.3756238
31 1 -0.92070198
32 1 0.381528437
33 1 -0.058741057
34 1 13.3782155
35 1 54.806279
36 1 -81.0908614
55 1 0.179266907
56 1 0.571300809
57 1 -0.800730303
58 1 76.3221102
59 1 42.6441793
60 1 -47.7883829
1 2 -0.373767016
2 2 0.718552918
3 2 0.92028238
4 2 3.8915037e+20
5 2 -1.05203593e+22
6 2 2.63109819e+21
7 2 0.00346487247
8 2 0.00683068197
9 2 0.063501667
10 2 -0.557386815
11 2 -4.39820114
12 2 -0.0579124161
13 2 0.0966648253
14 2 -0.0254007899
15 2 0.0163217873
16 2 1.96757342
17 2 -1.06192481
18 2 -1.09742683
19 2 0.0640440455
20 2 0.137792655
21 2 -0.091569125
22 2 -7.50658315
23 2 -9.04832007
24 2 -4.32264843
25 2 0.00264207989
26 2 0.00757707765
27 2 0.0535725686
28 2 -2.3548618
29 2 2.64427333
30 2 -2.63899077
31 2 -0.0381298275
32 2 0.0158005672
33 2 -0.00243269421
34 2 0.55404361
35 2 2.26973984
36 2 -3.35828599
55 2 0.00315515357
56 2 0.0100550727
57 2 -0.0140931035
58 2 1.34329299
59 2 0.75055088
60 2 -0.84109047
1 3 -1.55895314
2 3 0.92028238
3 3 1.42376435
4 3 -1.31024864e+21
5 3 1.4637018e+22
6 3 6.70839657e+21
7 3 0.00267285415
8 3 0.00526928963
9 3 0.0489861302
10 3 -0.429976477
11 3 -3.39283776
12 3 -0.0446744989
13 3 0.0330620842
14 3 -0.00868778331
15 3 0.00558250952
16 3 0.672965352
17 3 -0.3632081
18 3 -0.375350787
19 3 -0.15610899
20 3 -0.335873101
21 3 0.223202072
22 3 18.2974874
23 3 22.0555103
24 3 10.5365655
25 3 -0.00206762426
26 3 -0.0059296275
27 3 -0.0419245243
28 3 1.84285471
29 3 -2.06934079
30 3 2.0652068
31 3 0.0367033312
32 3 -0.0152094433
33 3 0.00234168332
34 3 -0.533315974
35 3 -2.18482533
36 3 3.23264727
55 3 4.70973993e-05
56 3 0.000150093416
57 3 -0.000210369641
58 3 0.020051514
59 3 0.0112035734
60 3 -0.0125550699
1 4 3.81196274e+21
2 4 3.8915037e+20
3 4 -1.31024864e+21
4 4 2.14766756e+43
5 4 -2.7128016e+44
6 4 -1.85371356e+44
7 4 -3.216532e+19
8 4 -6.34110123e+19
9 4 -5.89502631e+20
10 4 5.174368e+21
11 4 4.08296548e+22
12 4 5.37616148e+20
13 4 -2.66577706e+21
14 4 7.00491029e+20
15 4 -4.50114569e+20
16 4 -5.42608137e+22
17 4 2.92852626e+22
18 4 3.02643206e+22
19 4 2.06531301e+21
20 4 4.44358191e+21
21 4 -2.95295063e+21
22 4 -2.42074711e+23
23 4 -2.9179314e+23
24 4 -1.39398159e+23
25 4 3.31379697e+19
26 4 9.50345863e+19
27 4 6.71927507e+20
28 4 -2.95355712e+22
29 4 3.31654806e+22
30 4 -3.30992248e+22
31 4 -2.22256675e+19
32 4 9.21006402e+18
33 4 -1.41800412e+18
34 4 3.22948984e+20
35 4 1.32301891e+21
36 4 -1.9575265e+21
55 4 1.66513208e+20
56 4 5.30656397e+20
57 4 -7.43763443e+20
58 4 7.08922783e+22
59 4 3.96103177e+22
60 4 -4.4388544e+22
1 5 -3.06325834e+23
2 5 -1.05203593e+22
3 5 1.4637018e+22
4 5 -2.7128016e+44
5 5 1.40159054e+46
6 5 1.35018558e+45
7 5 -6.00881449e+21
8 5 -1.1845833e+22
9 5 -1.10125189e+23
10 5 9.66625466e+23
11 5 7.62740187e+24
12 5 1.00432258e+23
13 5 3.28206787e+22
14 5 -8.62434875e+21
15 5 5.54174837e+21
16 5 6.6805164e+23
17 5 -3.60556106e+23
18 5 -3.72610133e+23
19 5 -2.11033891e+22
20 5 -4.54045647e+22
21 5 3.01732793e+22
22 5 2.47352184e+24
23 5 2.98154524e+24
24 5 1.42437179e+24
25 5 -4.13028125e+21
26 5 -1.18450096e+22
27 5 -8.37483289e+22
28 5 3.68128214e+24
29 5 -4.13371018e+24
30 5 4.12545213e+24
31 5 3.34826025e+22
32 5 -1.387481e+22
33 5 2.13619989e+21
34 5 -4.86517332e+23
35 5 -1.99310623e+24
36 5 2.94898147e+24
55 5 -9.33542488e+21
56 5 -2.97508106e+22
57 5 4.16984804e+22
58 5 -3.97451677e+24
59 5 -2.2207196e+24
60 5 2.48860689e+24
1 6 8.18986495e+22
2 6 2.63109819e+21
3 6 6.70839657e+21
4 6 -1.85371356e+44
5 6 1.35018558e+45
6 6 1.90907408e+46
7 6 9.74432193e+21
8 6 1.92100473e+22
9 6 1.78586858e+23
10 6 -1.56754876e+24
11 6 -1.23691386e+25
12 6 -1.62868108e+23
13 6 5.77455807e+22
14 6 -1.517391e+22
15 6 9.75030042e+21
16 6 1.17538794e+24
17 6 -6.34372065e+23
18 6 -6.55580241e+23
19 6 6.29788145e+20
20 6 1.35500779e+21
21 6 -9.00460752e+20
22 6 -7.38172775e+22
23 6 -8.89782128e+22
24 6 -4.25075074e+22
25 6 -3.71533914e+21
26 6 -1.06550197e+22
27 6 -7.53346868e+22
28 6 3.31144801e+24
29 6 -3.71842359e+24
30 6 3.71099517e+24
31 6 3.42263931e+22
32 6 -1.41830283e+22
33 6 2.18365394e+21
34 6 -4.97324946e+23
35 6 -2.03738157e+24
36 6 3.01449086e+24
55 6 -8.39979877e+21
56 6 -2.67690893e+22
57 6 3.75193254e+22
58 6 -3.57617799e+24
59 6 -1.99815198e+24
60 6 2.23919075e+24
1 7 0.162453703
2 7 0.00346487247
3 7 0.00267285415
4 7 -3.216532e+19
5 7 -6.00881449e+21
6 7 9.74432193e+21
7 7 10.8146095
8 7 0.24631103
9 7 -1.05029107
10 7 3.78357825e+22
11 7 -3.77974586e+23
12 7 6.83036559e+23
13 7 -1.11979462
14 7 -1.30672222
15 7 2.45153592
16 7 -166.959229
17 7 97.3063255
18 7 -228.383954
19 7 1.95532866
20 7 -0.378947017
21 7 0.181278184
22 7 -184.21725
23 7 14.2149719
24 7 -15.6226525
25 7 0.0297522755
26 7 -1.88621792
27 7 0.568391982
28 7 -34.9078832
29 7 -5.71562095
30 7 -138.141602
31 7 -1.24526205
32 7 -2.27449324
33 7 1.49106247
34 7 45.0261489
35 7 -191.194897
36 7 -163.7222
1 8 0.320262748
2 8 0.00683068197
3 8 0.00526928963
4 8 -6.34110123e+19
5 8 -1.1845833e+22
6 8 1.92100473e+22
7 8 0.24631103
8 8 0.266169174
9 8 -0.0989569956
10 8 -2.03178226e+21
11 8 8.05836209e+21
12 8 -2.33080451e+22
13 8 -0.00744588342
14 8 -0.00868882663
15 8 0.0163010702
16 8 -1.11016693
17 8 0.647021823
18 8 -1.51860017
19 8 0.00181924365
20 8 -0.00035257344
21 8 0.000168661766
22 8 -0.171396282
23 8 0.0132256524
24 8 -0.0145353627
25 8 -0.00142386361
26 8 0.0902692989
27 8 -0.0272017063
28 8 1.67059708
29 8 0.273534194
30 8 6.61108425
31 8 0.0598767545
32 8 0.109365955
33 8 -0.0716957377
34 8 -2.16502194
35 8 9.19335002
36 8 7.87236226
1 9 2.97733352
2 9 0.063501667
3 9 0.0489861302
4 9 -5.89502631e+20
5 9 -1.10125189e+23
6 9 1.78586858e+23
7 9 -1.05029107
8 9 -0.0989569956
9 9 3.91922137
10 9 -5.98842569e+21
11 9 8.40310709e+21
12 9 -4.58941446e+22
13 9 -0.0626833368
14 9 -0.0731470821
15 9 0.137230926
16 9 -9.34596524
17 9 5.44696775
18 9 -12.7843696
19 9 0.0146241279
20 9 -0.0028341883
21 9 0.00135580038
22 9 -1.37778199
23 9 0.106315409
24 9 -0.116843614
25 9 -0.00499330816
26 9 0.316562923
27 9 -0.0953929159
28 9 5.85857097
29 9 0.959249544
30 9 23.1842296
31 9 0.0745288511
32 9 0.136128269
33 9 -0.0892399897
34 9 -2.69481202
35 9 11.4430019
36 9 9.7987628
1 10 -26.1335887
2 10 -0.557386815
3 10 -0.429976477
4 10 5.174368e+21
5 10 9.66625466e+23
6 10 -1.56754876e+24
7 10 3.78357825e+22
8 10 -2.03178226e+21
9 10 -5.98842569e+21
10 10 5.25769743e+44
11 10 -1.15080341e+45
12 10 4.11073128e+45
13 10 1.24355115e+21
14 10 1.45113746e+21
15 10 -2.72247274e+21
16 10 1.85411091e+23
17 10 -1.08060345e+23
18 10 2.53624303e+23
19 10 -7.50495394e+20
20 10 1.45447666e+20
21 10 -6.95782989e+19
22 10 7.0706373e+22
23 10 -5.45599885e+21
24 10 5.99629563e+21
25 10 4.66723075e+20
26 10 -2.95890452e+22
27 10 8.91634837e+21
28 10 -5.47598941e+23
29 10 -8.96607785e+22
30 10 -2.16702326e+24
31 10 -4.79235027e+21
32 10 -8.75331283e+21
33 10 5.73830513e+21
34 10 1.73281661e+23
35 10 -7.35807307e+23
36 10 -6.30079531e+23
1 11 -206.213668
2 11 -4.39820114
3 11 -3.39283776
4 11 4.08296548e+22
5 11 7.62740187e+24
6 11 -1.23691386e+25
7 11 -3.77974586e+23
8 11 8.05836209e+21
9 11 8.40310709e+21
10 11 -1.15080341e+45
11 11 1.56277988e+46
12 11 -2.52493388e+46
13 11 5.37146642e+22
14 11 6.26812667e+22
15 11 -1.17596054e+23
16 11 8.00875336e+24
17 11 -4.66762075e+24
18 11 1.09551941e+25
19 11 -4.49448101e+22
20 11 8.71040354e+21
21 11 -4.16682561e+21
22 11 4.23438242e+24
23 11 -3.26742621e+23
24 11 3.59099297e+23
25 11 -7.79631611e+20
