# name: debug
# type: sparse matrix
# nnz: 4068
# rows: 90
# columns: 90

1 1 11.8576827
2 1 -0.373767016
3 1 -1.55895314
4 1 3.81196274e+21
5 1 -3.06325834e+23
6 1 8.18986495e+22
7 1 0.162453703
8 1 0.320262748
9 1 2.97733352
10 1 -26.1335887
11 1 -206.213668
12 1 -2.7152764
13 1 1.90630886
14 1 -0.500924207
15 1 0.321878902
16 1 38.8021459
17 1 -20.9420197
18 1 -21.6421484
19 1 0.702005943
20 1 1.51038651
21 1 -1.00371657
22 1 -82.2819037
23 1 -99.1813432
24 1 -47.3818427
25 1 0.0974896086
26 1 0.279585162
27 1 1.97676412
28 1 -86.8916021
29 1 97.5705437
30 1 -97.3756238
31 1 -0.92070198
32 1 0.381528437
33 1 -0.058741057
34 1 13.3782155
35 1 54.806279
36 1 -81.0908614
55 1 0.179266907
56 1 0.571300809
57 1 -0.800730303
58 1 76.3221102
59 1 42.6441793
60 1 -47.7883829
1 2 -0.373767016
2 2 0.718552918
3 2 0.92028238
4 2 3.8915037e+20
5 2 -1.05203593e+22
6 2 2.63109819e+21
7 2 0.00346487247
8 2 0.00683068197
9 2 0.063501667
10 2 -0.557386815
11 2 -4.39820114
12 2 -0.0579124161
13 2 0.0966648253
14 2 -0.0254007899
15 2 0.0163217873
16 2 1.96757342
17 2 -1.06192481
18 2 -1.09742683
19 2 0.0640440455
20 2 0.137792655
21 2 -0.091569125
22 2 -7.50658315
23 2 -9.04832007
24 2 -4.32264843
25 2 0.00264207989
26 2 0.00757707765
27 2 0.0535725686
28 2 -2.3548618
29 2 2.64427333
30 2 -2.63899077
31 2 -0.0381298275
32 2 0.0158005672
33 2 -0.00243269421
34 2 0.55404361
35 2 2.26973984
36 2 -3.35828599
55 2 0.00315515357
56 2 0.0100550727
57 2 -0.0140931035
58 2 1.34329299
59 2 0.75055088
60 2 -0.84109047
1 3 -1.55895314
2 3 0.92028238
3 3 1.42376435
4 3 -1.31024864e+21
5 3 1.4637018e+22
6 3 6.70839657e+21
7 3 0.00267285415
8 3 0.00526928963
9 3 0.0489861302
10 3 -0.429976477
11 3 -3.39283776
12 3 -0.0446744989
13 3 0.0330620842
14 3 -0.00868778331
15 3 0.00558250952
16 3 0.672965352
17 3 -0.3632081
18 3 -0.375350787
19 3 -0.15610899
20 3 -0.335873101
21 3 0.223202072
22 3 18.2974874
23 3 22.0555103
24 3 10.5365655
25 3 -0.00206762426
26 3 -0.0059296275
27 3 -0.0419245243
28 3 1.84285471
29 3 -2.06934079
30 3 2.0652068
31 3 0.0367033312
32 3 -0.0152094433
33 3 0.00234168332
34 3 -0.533315974
35 3 -2.18482533
36 3 3.23264727
55 3 4.70973993e-05
56 3 0.000150093416
57 3 -0.000210369641
58 3 0.020051514
59 3 0.0112035734
60 3 -0.0125550699
1 4 3.81196274e+21
2 4 3.8915037e+20
3 4 -1.31024864e+21
4 4 2.14766756e+43
5 4 -2.7128016e+44
6 4 -1.85371356e+44
7 4 -3.216532e+19
8 4 -6.34110123e+19
9 4 -5.89502631e+20
10 4 5.174368e+21
11 4 4.08296548e+22
12 4 5.37616148e+20
13 4 -2.66577706e+21
14 4 7.00491029e+20
15 4 -4.50114569e+20
16 4 -5.42608137e+22
17 4 2.92852626e+22
18 4 3.02643206e+22
19 4 2.06531301e+21
20 4 4.44358191e+21
21 4 -2.95295063e+21
22 4 -2.42074711e+23
23 4 -2.9179314e+23
24 4 -1.39398159e+23
25 4 3.31379697e+19
26 4 9.50345863e+19
27 4 6.71927507e+20
28 4 -2.95355712e+22
29 4 3.31654806e+22
30 4 -3.30992248e+22
31 4 -2.22256675e+19
32 4 9.21006402e+18
33 4 -1.41800412e+18
34 4 3.22948984e+20
35 4 1.32301891e+21
36 4 -1.9575265e+21
55 4 1.66513208e+20
56 4 5.30656397e+20
57 4 -7.43763443e+20
58 4 7.08922783e+22
59 4 3.96103177e+22
60 4 -4.4388544e+22
1 5 -3.06325834e+23
2 5 -1.05203593e+22
3 5 1.4637018e+22
4 5 -2.7128016e+44
5 5 1.40159054e+46
6 5 1.35018558e+45
7 5 -6.00881449e+21
8 5 -1.1845833e+22
9 5 -1.10125189e+23
10 5 9.66625466e+23
11 5 7.62740187e+24
12 5 1.00432258e+23
13 5 3.28206787e+22
14 5 -8.62434875e+21
15 5 5.54174837e+21
16 5 6.6805164e+23
17 5 -3.60556106e+23
18 5 -3.72610133e+23
19 5 -2.11033891e+22
20 5 -4.54045647e+22
21 5 3.01732793e+22
22 5 2.47352184e+24
23 5 2.98154524e+24
24 5 1.42437179e+24
25 5 -4.13028125e+21
26 5 -1.18450096e+22
27 5 -8.37483289e+22
28 5 3.68128214e+24
29 5 -4.13371018e+24
30 5 4.12545213e+24
31 5 3.34826025e+22
32 5 -1.387481e+22
33 5 2.13619989e+21
34 5 -4.86517332e+23
35 5 -1.99310623e+24
36 5 2.94898147e+24
55 5 -9.33542488e+21
56 5 -2.97508106e+22
57 5 4.16984804e+22
58 5 -3.97451677e+24
59 5 -2.2207196e+24
60 5 2.48860689e+24
1 6 8.18986495e+22
2 6 2.63109819e+21
3 6 6.70839657e+21
4 6 -1.85371356e+44
5 6 1.35018558e+45
6 6 1.90907408e+46
7 6 9.74432193e+21
8 6 1.92100473e+22
9 6 1.78586858e+23
10 6 -1.56754876e+24
11 6 -1.23691386e+25
12 6 -1.62868108e+23
13 6 5.77455807e+22
14 6 -1.517391e+22
15 6 9.75030042e+21
16 6 1.17538794e+24
17 6 -6.34372065e+23
18 6 -6.55580241e+23
19 6 6.29788145e+20
20 6 1.35500779e+21
21 6 -9.00460752e+20
22 6 -7.38172775e+22
23 6 -8.89782128e+22
24 6 -4.25075074e+22
25 6 -3.71533914e+21
26 6 -1.06550197e+22
27 6 -7.53346868e+22
28 6 3.31144801e+24
29 6 -3.71842359e+24
30 6 3.71099517e+24
31 6 3.42263931e+22
32 6 -1.41830283e+22
33 6 2.18365394e+21
34 6 -4.97324946e+23
35 6 -2.03738157e+24
36 6 3.01449086e+24
55 6 -8.39979877e+21
56 6 -2.67690893e+22
57 6 3.75193254e+22
58 6 -3.57617799e+24
59 6 -1.99815198e+24
60 6 2.23919075e+24
1 7 0.162453703
2 7 0.00346487247
3 7 0.00267285415
4 7 -3.216532e+19
5 7 -6.00881449e+21
6 7 9.74432193e+21
7 7 10.8146095
8 7 0.24631103
9 7 -1.05029107
10 7 3.78357825e+22
11 7 -3.77974586e+23
12 7 6.83036559e+23
13 7 -1.11979462
14 7 -1.30672222
15 7 2.45153592
16 7 -166.959229
17 7 97.3063255
18 7 -228.383954
19 7 1.95532866
20 7 -0.378947017
21 7 0.181278184
22 7 -184.21725
23 7 14.2149719
24 7 -15.6226525
25 7 0.0297522755
26 7 -1.88621792
27 7 0.568391982
28 7 -34.9078832
29 7 -5.71562095
30 7 -138.141602
31 7 -1.24526205
32 7 -2.27449324
33 7 1.49106247
34 7 45.0261489
35 7 -191.194897
36 7 -163.7222
1 8 0.320262748
2 8 0.00683068197
3 8 0.00526928963
4 8 -6.34110123e+19
5 8 -1.1845833e+22
6 8 1.92100473e+22
7 8 0.24631103
8 8 0.266169174
9 8 -0.0989569956
10 8 -2.03178226e+21
11 8 8.05836209e+21
12 8 -2.33080451e+22
13 8 -0.00744588342
14 8 -0.00868882663
15 8 0.0163010702
16 8 -1.11016693
17 8 0.647021823
18 8 -1.51860017
19 8 0.00181924365
20 8 -0.00035257344
21 8 0.000168661766
22 8 -0.171396282
23 8 0.0132256524
24 8 -0.0145353627
25 8 -0.00142386361
26 8 0.0902692989
27 8 -0.0272017063
28 8 1.67059708
29 8 0.273534194
30 8 6.61108425
31 8 0.0598767545
32 8 0.109365955
33 8 -0.0716957377
34 8 -2.16502194
35 8 9.19335002
36 8 7.87236226
1 9 2.97733352
2 9 0.063501667
3 9 0.0489861302
4 9 -5.89502631e+20
5 9 -1.10125189e+23
6 9 1.78586858e+23
7 9 -1.05029107
8 9 -0.0989569956
9 9 3.91922137
10 9 -5.98842569e+21
11 9 8.40310709e+21
12 9 -4.58941446e+22
13 9 -0.0626833368
14 9 -0.0731470821
15 9 0.137230926
16 9 -9.34596524
17 9 5.44696775
18 9 -12.7843696
19 9 0.0146241279
20 9 -0.0028341883
21 9 0.00135580038
22 9 -1.37778199
23 9 0.106315409
24 9 -0.116843614
25 9 -0.00499330816
26 9 0.316562923
27 9 -0.0953929159
28 9 5.85857097
29 9 0.959249544
30 9 23.1842296
31 9 0.0745288511
32 9 0.136128269
33 9 -0.0892399897
34 9 -2.69481202
35 9 11.4430019
36 9 9.7987628
1 10 -26.1335887
2 10 -0.557386815
3 10 -0.429976477
4 10 5.174368e+21
5 10 9.66625466e+23
6 10 -1.56754876e+24
7 10 3.78357825e+22
8 10 -2.03178226e+21
9 10 -5.98842569e+21
10 10 5.25769743e+44
11 10 -1.15080341e+45
12 10 4.11073128e+45
13 10 1.24355115e+21
14 10 1.45113746e+21
15 10 -2.72247274e+21
16 10 1.85411091e+23
17 10 -1.08060345e+23
18 10 2.53624303e+23
19 10 -7.50495394e+20
20 10 1.45447666e+20
21 10 -6.95782989e+19
22 10 7.0706373e+22
23 10 -5.45599885e+21
24 10 5.99629563e+21
25 10 4.66723075e+20
26 10 -2.95890452e+22
27 10 8.91634837e+21
28 10 -5.47598941e+23
29 10 -8.96607785e+22
30 10 -2.16702326e+24
31 10 -4.79235027e+21
32 10 -8.75331283e+21
33 10 5.73830513e+21
34 10 1.73281661e+23
35 10 -7.35807307e+23
36 10 -6.30079531e+23
1 11 -206.213668
2 11 -4.39820114
3 11 -3.39283776
4 11 4.08296548e+22
5 11 7.62740187e+24
6 11 -1.23691386e+25
7 11 -3.77974586e+23
8 11 8.05836209e+21
9 11 8.40310709e+21
10 11 -1.15080341e+45
11 11 1.56277988e+46
12 11 -2.52493388e+46
13 11 5.37146642e+22
14 11 6.26812667e+22
15 11 -1.17596054e+23
16 11 8.00875336e+24
17 11 -4.66762075e+24
18 11 1.09551941e+25
19 11 -4.49448101e+22
20 11 8.71040354e+21
21 11 -4.16682561e+21
22 11 4.23438242e+24
23 11 -3.26742621e+23
24 11 3.59099297e+23
25 11 -7.79631611e+20
26 11 4.94266433e+22
27 11 -1.48942005e+22
28 11 9.1472967e+23
29 11 1.49772704e+23
30 11 3.61987638e+24
31 11 5.74932839e+22
32 11 1.05012503e+23
33 11 -6.88417973e+22
34 11 -2.07884048e+24
35 11 8.82739699e+24
36 11 7.55899283e+24
1 12 -2.7152764
2 12 -0.0579124161
3 12 -0.0446744989
4 12 5.37616148e+20
5 12 1.00432258e+23
6 12 -1.62868108e+23
7 12 6.83036559e+23
8 12 -2.33080451e+22
9 12 -4.58941446e+22
10 12 4.11073128e+45
11 12 -2.52493388e+46
12 12 5.82586324e+46
13 12 -2.85957179e+22
14 12 -3.33692083e+22
15 12 6.26038279e+22
16 12 -4.26356667e+24
17 12 2.48487016e+24
18 12 -5.8321437e+24
19 12 1.05936623e+23
20 12 -2.05307516e+22
21 12 9.82136607e+21
22 12 -9.98060004e+24
23 12 7.70144755e+23
24 12 -8.46410668e+23
25 12 3.00325198e+21
26 12 -1.90398468e+23
27 12 5.73745811e+22
28 12 -3.52366894e+24
29 12 -5.76945784e+23
30 12 -1.39442793e+25
31 12 -1.26263092e+23
32 12 -2.30621778e+23
33 12 1.51185975e+23
34 12 4.56541719e+24
35 12 -1.93861676e+25
36 12 -1.66005791e+25
1 13 1.90630886
2 13 0.0966648253
3 13 0.0330620842
4 13 -2.66577706e+21
5 13 3.28206787e+22
6 13 5.77455807e+22
7 13 -1.11979462
8 13 -0.00744588342
9 13 -0.0626833368
10 13 1.24355115e+21
11 13 5.37146642e+22
12 13 -2.85957179e+22
13 13 10.9338732
14 13 0.199114162
15 13 -1.23335856
16 13 8.59611247e+22
17 13 -5.31316904e+23
18 13 2.61433976e+23
19 13 0.49599794
20 13 -2.57108151
21 13 1.45826159
22 13 -165.166864
23 13 55.4721795
24 13 -185.485585
25 13 0.134295781
26 13 -1.06015655
27 13 -1.67123856
28 13 98.1679958
29 13 35.0010992
30 13 -130.835578
31 13 1.93141115
32 13 -1.97241737
33 13 1.04352757
34 13 179.260859
35 13 -115.113869
36 13 -42.3945527
37 13 0.448156664
38 13 0.531667762
39 13 0.515423035
40 13 25.3135451
41 13 38.1109144
42 13 -18.8129982
1 14 -0.500924207
2 14 -0.0254007899
3 14 -0.00868778331
4 14 7.00491029e+20
5 14 -8.62434875e+21
6 14 -1.517391e+22
7 14 -1.30672222
8 14 -0.00868882663
9 14 -0.0731470821
10 14 1.45113746e+21
11 14 6.26812667e+22
12 14 -3.33692083e+22
13 14 0.199114162
14 14 2.48054356
15 14 -1.86675512
16 14 2.36315875e+22
17 14 -4.5027994e+22
18 14 -7.4985043e+21
19 14 0.00566496203
20 14 -0.0293652008
21 14 0.0166553041
22 14 -1.88642721
23 14 0.633566725
24 14 -2.11849428
25 14 0.0019591711
26 14 -0.015466071
27 14 -0.0243808277
28 14 1.43212169
29 14 0.51061278
30 14 -1.90869201
31 14 0.0359526763
32 14 -0.0367159956
33 14 0.0194249728
34 14 3.33689057
35 14 -2.14281236
36 14 -0.789162698
37 14 0.250814646
38 14 0.297552334
39 14 0.288460836
40 14 14.1669384
41 14 21.3290938
42 14 -10.5288527
1 15 0.321878902
2 15 0.0163217873
3 15 0.00558250952
4 15 -4.50114569e+20
5 15 5.54174837e+21
6 15 9.75030042e+21
7 15 2.45153592
8 15 0.0163010702
9 15 0.137230926
10 15 -2.72247274e+21
11 15 -1.17596054e+23
12 15 6.26038279e+22
13 15 -1.23335856
14 15 -1.86675512
15 15 2.58558328
16 15 -8.8418977e+20
17 15 5.1641003e+22
18 15 -4.09331307e+22
19 15 -0.0208195885
20 15 0.107921535
21 15 -0.0612107505
22 15 6.93290407
23 15 -2.32845312
24 15 7.78578549
25 15 -0.0171479214
26 15 0.135368968
27 15 0.213396633
28 15 -12.5348471
29 15 -4.46921038
30 15 16.706096
31 15 -0.35075563
32 15 0.358202602
33 15 -0.189510748
34 15 -32.554827
35 15 20.9053561
36 15 7.69910026
37 15 0.0658385604
38 15 0.0781071506
39 15 0.0757206426
40 15 3.71880527
41 15 5.59886295
42 15 -2.76381189
1 16 38.8021459
2 16 1.96757342
3 16 0.672965352
4 16 -5.42608137e+22
5 16 6.6805164e+23
6 16 1.17538794e+24
7 16 -166.959229
8 16 -1.11016693
9 16 -9.34596524
10 16 1.85411091e+23
11 16 8.00875336e+24
12 16 -4.26356667e+24
13 16 8.59611247e+22
14 16 2.36315875e+22
15 16 -8.8418977e+20
16 16 2.59056132e+45
17 16 -6.84350409e+45
18 16 7.90143091e+44
19 16 6.1864679e+20
20 16 -3.20685066e+21
21 16 1.81885604e+21
22 16 -2.0600882e+23
23 16 6.918917e+22
24 16 -2.31351892e+23
25 16 9.83127654e+20
26 16 -7.76099753e+21
27 16 -1.22344934e+22
28 16 7.18650063e+23
29 16 2.56229558e+23
30 16 -9.57796843e+23
31 16 1.79260414e+22
32 16 -1.83066332e+22
33 16 9.68531144e+21
34 16 1.66377707e+24
35 16 -1.06840845e+24
36 16 -3.93477334e+23
37 16 2.44526669e+22
38 16 2.90092634e+22
39 16 2.81229061e+22
40 16 1.38117702e+24
41 16 2.07943688e+24
42 16 -1.02648921e+24
1 17 -20.9420197
2 17 -1.06192481
3 17 -0.3632081
4 17 2.92852626e+22
5 17 -3.60556106e+23
6 17 -6.34372065e+23
7 17 97.3063255
8 17 0.647021823
9 17 5.44696775
10 17 -1.08060345e+23
11 17 -4.66762075e+24
12 17 2.48487016e+24
13 17 -5.31316904e+23
14 17 -4.5027994e+22
15 17 5.1641003e+22
16 17 -6.84350409e+45
17 17 3.60463933e+46
18 17 -1.65505338e+46
19 17 -1.77156266e+22
20 17 9.18316716e+22
21 17 -5.20849295e+22
22 17 5.89928758e+24
23 17 -1.98130746e+24
24 17 6.62501415e+24
25 17 -9.82576572e+21
26 17 7.75664719e+22
27 17 1.22276355e+23
28 17 -7.18247231e+24
29 17 -2.56085931e+24
30 17 9.5725996e+24
31 17 -1.41685652e+23
32 17 1.44693812e+23
33 17 -7.65517402e+22
34 17 -1.31503288e+25
35 17 8.44459432e+24
36 17 3.11000579e+24
37 17 -4.03410326e+22
38 17 -4.78583234e+22
39 17 -4.63960466e+22
40 17 -2.27861065e+24
41 17 -3.43057187e+24
42 17 1.69346087e+24
1 18 -21.6421484
2 18 -1.09742683
3 18 -0.375350787
4 18 3.02643206e+22
5 18 -3.72610133e+23
6 18 -6.55580241e+23
7 18 -228.383954
8 18 -1.51860017
9 18 -12.7843696
10 18 2.53624303e+23
11 18 1.09551941e+25
12 18 -5.8321437e+24
13 18 2.61433976e+23
14 18 -7.4985043e+21
15 18 -4.09331307e+22
16 18 7.90143091e+44
17 18 -1.65505338e+46
18 18 1.20397605e+46
19 18 9.91802415e+21
20 18 -5.14116016e+22
21 18 2.91595437e+22
22 18 -3.30269304e+24
23 18 1.10922722e+24
24 18 -3.70898822e+24
25 18 6.57686359e+21
26 18 -5.19190178e+22
27 18 -8.18455202e+22
28 18 4.80757856e+24
29 18 1.71410787e+24
30 18 -6.40740718e+24
31 18 8.41856131e+22
32 18 -8.59729767e+22
33 18 4.54848822e+22
34 18 7.81355403e+24
35 18 -5.01753947e+24
36 18 -1.84787761e+24
37 18 -1.2766133e+22
38 18 -1.51450194e+22
39 18 -1.46822742e+22
40 18 -7.21078385e+23
41 18 -1.0856226e+24
42 18 5.35904644e+23
1 19 0.702005943
2 19 0.0640440455
3 19 -0.15610899
4 19 2.06531301e+21
5 19 -2.11033891e+22
6 19 6.29788145e+20
7 19 1.95532866
8 19 0.00181924365
9 19 0.0146241279
10 19 -7.50495394e+20
11 19 -4.49448101e+22
12 19 1.05936623e+23
13 19 0.49599794
14 19 0.00566496203
15 19 -0.0208195885
16 19 6.1864679e+20
17 19 -1.77156266e+22
18 19 9.91802415e+21
19 19 10.2811761
20 19 -0.183984936
21 19 -1.43509521
22 19 2.59102001e+22
23 19 -2.09843129e+23
24 19 2.64814549e+23
25 19 -0.0537792805
26 19 2.83526189
27 19 -0.976460679
28 19 200.639142
29 19 172.399033
30 19 -126.729752
31 19 0.570466695
32 19 0.643980014
33 19 -0.50475855
34 19 74.5987742
35 19 45.92569
36 19 -4.51274743
43 19 2.04724127
44 19 0.964821611
45 19 -1.92859586
46 19 244.404135
47 19 93.8735569
48 19 -70.4161852
1 20 1.51038651
2 20 0.137792655
3 20 -0.335873101
4 20 4.44358191e+21
5 20 -4.54045647e+22
6 20 1.35500779e+21
7 20 -0.378947017
8 20 -0.00035257344
9 20 -0.0028341883
10 20 1.45447666e+20
11 20 8.71040354e+21
12 20 -2.05307516e+22
13 20 -2.57108151
14 20 -0.0293652008
15 20 0.107921535
16 20 -3.20685066e+21
17 20 9.18316716e+22
18 20 -5.14116016e+22
19 20 -0.183984936
20 20 3.51078561
21 20 -1.99623886
22 20 1.27027574e+21
23 20 -5.0738138e+21
24 20 7.98784107e+21
25 20 0.000232300085
26 20 -0.0122469392
27 20 0.00421783066
28 20 -0.866662573
29 20 -0.744679171
30 20 0.547410302
31 20 0.00987304721
32 20 0.0111453397
33 20 -0.00873583863
34 20 1.29107839
35 20 0.794834317
36 20 -0.0781019625
43 20 0.119673368
44 20 0.0563995331
45 20 -0.112737842
46 20 14.2868681
47 20 5.48746496
48 20 -4.11624276
1 21 -1.00371657
2 21 -0.091569125
3 21 0.223202072
4 21 -2.95295063e+21
5 21 3.01732793e+22
6 21 -9.00460752e+20
7 21 0.181278184
8 21 0.000168661766
9 21 0.00135580038
10 21 -6.95782989e+19
11 21 -4.16682561e+21
12 21 9.82136607e+21
13 21 1.45826159
14 21 0.0166553041
15 21 -0.0612107505
16 21 1.81885604e+21
17 21 -5.20849295e+22
18 21 2.91595437e+22
19 21 -1.43509521
20 21 -1.99623886
21 21 2.20803828
22 21 -2.78515244e+21
23 21 1.43539234e+22
24 21 -2.08363863e+22
25 21 0.00123641913
26 21 -0.0651844357
27 21 0.0224494388
28 21 -4.61281876
29 21 -3.96356109
30 21 2.91359589
31 21 -0.0395340717
32 21 -0.0446286388
33 21 0.0349804132
34 21 -5.16979048
35 21 -3.18270907
36 21 0.31273917
43 21 -0.246544898
44 21 -0.116191408
45 21 0.232256684
46 21 -29.4330685
47 21 -11.3049921
48 21 8.48007093
1 22 -82.2819037
2 22 -7.50658315
3 22 18.2974874
4 22 -2.42074711e+23
5 22 2.47352184e+24
6 22 -7.38172775e+22
7 22 -184.21725
8 22 -0.171396282
9 22 -1.37778199
10 22 7.0706373e+22
11 22 4.23438242e+24
12 22 -9.98060004e+24
13 22 -165.166864
14 22 -1.88642721
15 22 6.93290407
16 22 -2.0600882e+23
17 22 5.89928758e+24
18 22 -3.30269304e+24
19 22 2.59102001e+22
20 22 1.27027574e+21
21 22 -2.78515244e+21
22 22 1.60077392e+44
23 22 -7.48604198e+44
24 22 1.12357912e+45
25 22 -2.91413499e+19
26 22 1.53634184e+21
27 22 -5.29114224e+20
28 22 1.08720224e+23
29 22 9.34177717e+22
30 22 -6.86709829e+22
31 22 1.98334178e+21
32 22 2.23892557e+21
33 22 -1.75489425e+21
34 22 2.59357588e+23
35 22 1.59669865e+23
36 22 -1.56894708e+22
43 22 1.44669247e+22
44 22 6.81795632e+21
45 22 -1.36285114e+22
46 22 1.72709307e+24
47 22 6.6336181e+23
48 22 -4.97599214e+23
1 23 -99.1813432
2 23 -9.04832007
3 23 22.0555103
4 23 -2.9179314e+23
5 23 2.98154524e+24
6 23 -8.89782128e+22
7 23 14.2149719
8 23 0.0132256524
9 23 0.106315409
10 23 -5.45599885e+21
11 23 -3.26742621e+23
12 23 7.70144755e+23
13 23 55.4721795
14 23 0.633566725
15 23 -2.32845312
16 23 6.918917e+22
17 23 -1.98130746e+24
18 23 1.10922722e+24
19 23 -2.09843129e+23
20 23 -5.0738138e+21
21 23 1.43539234e+22
22 23 -7.48604198e+44
23 23 6.50114419e+45
24 23 -7.83525847e+45
25 23 1.82700286e+21
26 23 -9.63202095e+22
27 23 3.31725607e+22
28 23 -6.81616194e+24
29 23 -5.85678207e+24
30 23 4.3052941e+24
31 23 -1.11249418e+22
32 23 -1.25585599e+22
33 23 9.84353604e+21
34 23 -1.4547861e+24
35 23 -8.95618677e+23
36 23 8.80052293e+22
43 23 -6.15312028e+22
44 23 -2.89983575e+22
45 23 5.79652359e+22
46 23 -7.34572941e+24
47 23 -2.82143241e+24
48 23 2.11640545e+24
1 24 -47.3818427
2 24 -4.32264843
3 24 10.5365655
4 24 -1.39398159e+23
5 24 1.42437179e+24
6 24 -4.25075074e+22
7 24 -15.6226525
8 24 -0.0145353627
9 24 -0.116843614
10 24 5.99629563e+21
11 24 3.59099297e+23
12 24 -8.46410668e+23
13 24 -185.485585
14 24 -2.11849428
15 24 7.78578549
16 24 -2.31351892e+23
17 24 6.62501415e+24
18 24 -3.70898822e+24
19 24 2.64814549e+23
20 24 7.98784107e+21
21 24 -2.08363863e+22
22 24 1.12357912e+45
23 24 -7.83525847e+45
24 24 1.0460354e+46
25 24 -1.61079176e+21
26 24 8.49214871e+22
27 24 -2.92468548e+22
28 24 6.00952397e+24
29 24 5.163679e+24
30 24 -3.79579716e+24
31 24 2.58408333e+22
32 24 2.91708181e+22
33 24 -2.2864405e+22
34 24 3.37915343e+24
35 24 2.08032846e+24
36 24 -2.04417112e+23
43 24 9.02620137e+22
44 24 4.25385824e+22
45 24 -8.50309872e+22
46 24 1.07756764e+25
47 24 4.13884597e+24
48 24 -3.10462024e+24
1 25 0.0974896086
2 25 0.00264207989
3 25 -0.00206762426
4 25 3.31379697e+19
5 25 -4.13028125e+21
6 25 -3.71533914e+21
7 25 0.0297522755
8 25 -0.00142386361
9 25 -0.00499330816
10 25 4.66723075e+20
11 25 -7.79631611e+20
12 25 3.00325198e+21
13 25 0.134295781
14 25 0.0019591711
15 25 -0.0171479214
16 25 9.83127654e+20
17 25 -9.82576572e+21
18 25 6.57686359e+21
19 25 -0.0537792805
20 25 0.000232300085
21 25 0.00123641913
22 25 -2.91413499e+19
23 25 1.82700286e+21
24 25 -1.61079176e+21
25 25 8.29912621
26 25 -0.630633182
27 25 -0.467952783
28 25 4.30074583e+20
29 25 -2.08484428e+23
30 25 -1.42123491e+22
31 25 -0.467979182
32 25 -1.51562485
33 25 -2.54359228
34 25 192.537674
35 25 -86.1284429
36 25 -211.011932
37 25 -0.830176673
38 25 -0.506146014
39 25 0.22123333
40 25 24.7049508
41 25 -94.6343279
42 25 -12.4511498
43 25 -0.564234685
44 25 -0.326761873
45 25 -0.750270275
46 25 46.1305112
47 25 -39.9878406
48 25 -78.3927421
55 25 1.64993451
56 25 -1.82778454
57 25 -1.55499079
58 25 234.693194
59 25 -130.338924
60 25 -37.3123799
1 26 0.279585162
2 26 0.00757707765
3 26 -0.0059296275
4 26 9.50345863e+19
5 26 -1.18450096e+22
6 26 -1.06550197e+22
7 26 -1.88621792
8 26 0.0902692989
9 26 0.316562923
10 26 -2.95890452e+22
11 26 4.94266433e+22
12 26 -1.90398468e+23
13 26 -1.06015655
14 26 -0.015466071
15 26 0.135368968
16 26 -7.76099753e+21
17 26 7.75664719e+22
18 26 -5.19190178e+22
19 26 2.83526189
20 26 -0.0122469392
21 26 -0.0651844357
22 26 1.53634184e+21
23 26 -9.63202095e+22
24 26 8.49214871e+22
25 26 -0.630633182
26 26 6.13830596
27 26 -1.04693791
28 26 -7.72588722e+18
29 26 -5.88601004e+21
30 26 -8.30377145e+20
31 26 -0.00806503351
32 26 -0.0261198909
33 26 -0.0438356186
34 26 3.31814502
35 26 -1.48431555
36 26 -3.63652566
37 26 -0.0289528083
38 26 -0.0176520842
39 26 0.00771561813
40 26 0.861596968
41 26 -3.30041742
42 26 -0.434239801
43 26 -0.0138660573
44 26 -0.00803016718
45 26 -0.0184378786
46 26 1.13365649
47 26 -0.982700469
48 26 -1.92650024
55 26 0.0538209062
56 26 -0.0596223786
57 26 -0.0507238394
58 26 7.65569801
59 26 -4.25165905
60 26 -1.21713079
1 27 1.97676412
2 27 0.0535725686
3 27 -0.0419245243
4 27 6.71927507e+20
5 27 -8.37483289e+22
6 27 -7.53346868e+22
7 27 0.568391982
8 27 -0.0272017063
9 27 -0.0953929159
10 27 8.91634837e+21
11 27 -1.48942005e+22
12 27 5.73745811e+22
13 27 -1.67123856
14 27 -0.0243808277
15 27 0.213396633
16 27 -1.22344934e+22
17 27 1.22276355e+23
18 27 -8.18455202e+22
19 27 -0.976460679
20 27 0.00421783066
21 27 0.0224494388
22 27 -5.29114224e+20
23 27 3.31725607e+22
24 27 -2.92468548e+22
25 27 -0.467952783
26 27 -1.04693791
27 27 4.56256782
28 27 5.63723057e+20
29 27 2.16179375e+22
30 27 5.45593546e+21
31 27 0.0166291608
32 27 0.0538561761
33 27 0.0903839457
34 27 -6.84162899
35 27 3.06048598
36 27 7.49809284
37 27 0.0556580688
38 27 0.0339338729
39 27 -0.0148322885
40 27 -1.65630991
41 27 6.34463013
42 27 0.834770446
43 27 0.060510761
44 27 0.0350432366
45 27 0.080461954
46 27 -4.94721861
47 27 4.28845431
48 27 8.40714795
55 27 -0.404560332
56 27 0.448168769
57 27 0.381280338
58 27 -57.5462575
59 27 31.9588189
60 27 9.14891389
1 28 -86.8916021
2 28 -2.3548618
3 28 1.84285471
4 28 -2.95355712e+22
5 28 3.68128214e+24
6 28 3.31144801e+24
7 28 -34.9078832
8 28 1.67059708
9 28 5.85857097
10 28 -5.47598941e+23
11 28 9.1472967e+23
12 28 -3.52366894e+24
13 28 98.1679958
14 28 1.43212169
15 28 -12.5348471
16 28 7.18650063e+23
17 28 -7.18247231e+24
18 28 4.80757856e+24
19 28 200.639142
20 28 -0.866662573
21 28 -4.61281876
22 28 1.08720224e+23
23 28 -6.81616194e+24
24 28 6.00952397e+24
25 28 4.30074583e+20
26 28 -7.72588722e+18
27 28 5.63723057e+20
28 28 8.0522747e+42
29 28 -1.25270699e+44
30 28 1.84450214e+43
31 28 -3.12823479e+20
32 28 -1.01312848e+21
33 28 -1.70027945e+21
34 28 1.28702958e+23
35 28 -5.7573072e+22
36 28 -1.41052186e+23
37 28 -1.55794594e+21
38 28 -9.49855799e+20
39 28 4.15176165e+20
40 28 4.63623937e+22
41 28 -1.77594929e+23
42 28 -2.33663736e+22
43 28 3.43810465e+20
44 28 1.99108907e+20
45 28 4.57169293e+20
46 28 -2.81091413e+22
47 28 2.43661697e+22
48 28 4.7767792e+22
55 28 -1.65523408e+21
56 28 1.83365536e+21
57 28 1.5599854e+21
58 28 -2.35447025e+23
59 28 1.30757571e+23
60 28 3.74322267e+22
1 29 97.5705437
2 29 2.64427333
3 29 -2.06934079
4 29 3.31654806e+22
5 29 -4.13371018e+24
6 29 -3.71842359e+24
7 29 -5.71562095
8 29 0.273534194
9 29 0.959249544
10 29 -8.96607785e+22
11 29 1.49772704e+23
12 29 -5.76945784e+23
13 29 35.0010992
14 29 0.51061278
15 29 -4.46921038
16 29 2.56229558e+23
17 29 -2.56085931e+24
18 29 1.71410787e+24
19 29 172.399033
20 29 -0.744679171
21 29 -3.96356109
22 29 9.34177717e+22
23 29 -5.85678207e+24
24 29 5.163679e+24
25 29 -2.08484428e+23
26 29 -5.88601004e+21
27 29 2.16179375e+22
28 29 -1.25270699e+44
29 29 8.71065987e+45
30 29 1.03007538e+45
31 29 9.29670847e+21
32 29 3.01088657e+22
33 29 5.05301022e+22
34 29 -3.82488515e+24
35 29 1.7109971e+24
36 29 4.19188822e+24
37 29 6.5612365e+22
38 29 4.00028549e+22
39 29 -1.74850034e+22
40 29 -1.95253649e+24
41 29 7.47935019e+24
42 29 9.84066899e+23
43 29 1.25254322e+22
44 29 7.25377894e+21
45 29 1.66552318e+22
46 29 -1.02405011e+24
47 29 8.87689112e+23
48 29 1.74023859e+24
55 29 -2.82835007e+22
56 29 3.13322406e+22
57 29 2.66559567e+22
58 29 -4.02315671e+24
59 29 2.23429537e+24
60 29 6.39616125e+23
1 30 -97.3756238
2 30 -2.63899077
3 30 2.0652068
4 30 -3.30992248e+22
5 30 4.12545213e+24
6 30 3.71099517e+24
7 30 -138.141602
8 30 6.61108425
9 30 23.1842296
10 30 -2.16702326e+24
11 30 3.61987638e+24
12 30 -1.39442793e+25
13 30 -130.835578
14 30 -1.90869201
15 30 16.706096
16 30 -9.57796843e+23
17 30 9.5725996e+24
18 30 -6.40740718e+24
19 30 -126.729752
20 30 0.547410302
21 30 2.91359589
22 30 -6.86709829e+22
23 30 4.3052941e+24
24 30 -3.79579716e+24
25 30 -1.42123491e+22
26 30 -8.30377145e+20
27 30 5.45593546e+21
28 30 1.84450214e+43
29 30 1.03007538e+45
30 30 6.52816812e+44
31 30 -4.29466113e+21
32 30 -1.39089416e+22
33 30 -2.33426343e+22
34 30 1.76692489e+24
35 30 -7.90403697e+23
36 30 -1.9364638e+24
37 30 1.08931528e+22
38 30 6.64138858e+21
39 30 -2.90291036e+21
40 30 -3.24165702e+23
41 30 1.24174315e+24
42 30 1.63377606e+23
43 30 6.07607877e+21
44 30 3.51880331e+21
45 30 8.07944178e+21
46 30 -4.96766022e+23
47 30 4.30617394e+23
48 30 8.44188577e+23
55 30 -1.05133181e+22
56 30 1.16465715e+22
57 30 9.90834042e+21
58 30 -1.49545584e+24
59 30 8.30514522e+23
60 30 2.37753024e+23
1 31 -0.92070198
2 31 -0.0381298275
3 31 0.0367033312
4 31 -2.22256675e+19
5 31 3.34826025e+22
6 31 3.42263931e+22
7 31 -1.24526205
8 31 0.0598767545
9 31 0.0745288511
10 31 -4.79235027e+21
11 31 5.74932839e+22
12 31 -1.26263092e+23
13 31 1.93141115
14 31 0.0359526763
15 31 -0.35075563
16 31 1.79260414e+22
17 31 -1.41685652e+23
18 31 8.41856131e+22
19 31 0.570466695
20 31 0.00987304721
21 31 -0.0395340717
22 31 1.98334178e+21
23 31 -1.11249418e+22
24 31 2.58408333e+22
25 31 -0.467979182
26 31 -0.00806503351
27 31 0.0166291608
28 31 -3.12823479e+20
29 31 9.29670847e+21
30 31 -4.29466113e+21
31 31 14.0059883
32 31 0.177323461
33 31 -0.223405767
34 31 7.9012915e+21
35 31 -2.50470582e+23
36 31 -1.20063316e+23
37 31 -2.33365915
38 31 1.15731337
39 31 -3.03191262
40 31 52.8411572
41 31 -281.302493
42 31 -217.71292
43 31 -1.77023361
44 31 0.752116236
45 31 0.531226225
46 31 -27.2175749
47 31 0.631691334
48 31 -193.827827
49 31 -0.157454514
50 31 0.957231865
51 31 0.218589703
52 31 12.4453952
53 31 30.765155
54 31 -69.1427076
55 31 -0.0719364368
56 31 0.213619039
57 31 -0.973543756
58 31 64.8583679
59 31 -6.75128814
60 31 -72.8479687
61 31 0.0906327637
62 31 1.86052056
63 31 -0.704548827
64 31 121.761251
65 31 82.7932958
66 31 -109.879421
67 31 -0.557558369
68 31 0.818026395
69 31 -0.120935897
70 31 46.5345904
71 31 88.0023675
72 31 -3.04095884
1 32 0.381528437
2 32 0.0158005672
3 32 -0.0152094433
4 32 9.21006402e+18
5 32 -1.387481e+22
6 32 -1.41830283e+22
7 32 -2.27449324
8 32 0.109365955
9 32 0.136128269
10 32 -8.75331283e+21
11 32 1.05012503e+23
12 32 -2.30621778e+23
13 32 -1.97241737
14 32 -0.0367159956
15 32 0.358202602
16 32 -1.83066332e+22
17 32 1.44693812e+23
18 32 -8.59729767e+22
19 32 0.643980014
20 32 0.0111453397
21 32 -0.0446286388
22 32 2.23892557e+21
23 32 -1.25585599e+22
24 32 2.91708181e+22
25 32 -1.51562485
26 32 -0.0261198909
27 32 0.0538561761
28 32 -1.01312848e+21
29 32 3.01088657e+22
30 32 -1.39089416e+22
31 32 0.177323461
32 32 4.41514288
33 32 -0.925926287
34 32 1.68043043e+20
35 32 -6.93576547e+21
36 32 -1.75606688e+21
37 32 -0.0390252787
38 32 0.019353502
39 32 -0.0507020211
40 32 0.883651278
41 32 -4.70416093
42 32 -3.64076622
43 32 -0.0313152751
44 32 0.0133048693
45 32 0.00939734466
46 32 -0.481476479
47 32 0.0111745635
48 32 -3.42879701
49 32 -0.0101071687
50 32 0.0614457073
51 32 0.0140315
52 32 0.798882838
53 32 1.97484724
54 32 -4.43834219
55 32 -0.0021170073
56 32 0.00628656469
57 32 -0.0286502825
58 32 1.9087078
59 32 -0.198682711
60 32 -2.14383264
61 32 0.00409895762
62 32 0.0841439079
63 32 -0.0318639272
64 32 5.50677466
65 32 3.74440982
66 32 -4.969407
67 32 -0.000922240949
68 32 0.00135307347
69 32 -0.000200036522
70 32 0.0769715014
71 32 0.145562136
72 32 -0.00502996085
1 33 -0.058741057
2 33 -0.00243269421
3 33 0.00234168332
4 33 -1.41800412e+18
5 33 2.13619989e+21
6 33 2.18365394e+21
7 33 1.49106247
8 33 -0.0716957377
9 33 -0.0892399897
10 33 5.73830513e+21
11 33 -6.88417973e+22
12 33 1.51185975e+23
13 33 1.04352757
14 33 0.0194249728
15 33 -0.189510748
16 33 9.68531144e+21
17 33 -7.65517402e+22
18 33 4.54848822e+22
19 33 -0.50475855
20 33 -0.00873583863
21 33 0.0349804132
22 33 -1.75489425e+21
23 33 9.84353604e+21
24 33 -2.2864405e+22
25 33 -2.54359228
26 33 -0.0438356186
27 33 0.0903839457
28 33 -1.70027945e+21
29 33 5.05301022e+22
30 33 -2.33426343e+22
31 33 -0.223405767
32 33 -0.925926287
33 33 3.57886883
34 33 2.95873822e+20
35 33 1.04843411e+22
36 33 -9.65526031e+20
37 33 0.0776685443
38 33 -0.0385175551
39 33 0.100907727
40 33 -1.75865261
41 33 9.36227348
42 33 7.24589347
43 33 0.116169912
44 33 -0.0493569191
45 33 -0.0348612203
46 33 1.7861277
47 33 -0.0414541484
48 33 12.7197684
49 33 0.0133034071
50 33 -0.0808769777
51 33 -0.0184687485
52 33 -1.05151739
53 33 -2.59936265
54 33 5.84190041
55 33 0.00167246814
56 33 -0.00496648224
57 33 0.0226341613
58 33 -1.50790835
59 33 0.15696238
60 33 1.69366057
61 33 -0.00730246614
62 33 -0.149905926
63 33 0.0567669322
64 33 -9.81055167
65 33 -6.67082427
66 33 8.85320848
67 33 -0.0408271364
68 33 0.0598998725
69 33 -0.00885551479
70 33 3.40748911
71 33 6.44396151
72 33 -0.222673801
1 34 13.3782155
2 34 0.55404361
3 34 -0.533315974
4 34 3.22948984e+20
5 34 -4.86517332e+23
6 34 -4.97324946e+23
7 34 45.0261489
8 34 -2.16502194
9 34 -2.69481202
10 34 1.73281661e+23
11 34 -2.07884048e+24
12 34 4.56541719e+24
13 34 179.260859
14 34 3.33689057
15 34 -32.554827
16 34 1.66377707e+24
17 34 -1.31503288e+25
18 34 7.81355403e+24
19 34 74.5987742
20 34 1.29107839
21 34 -5.16979048
22 34 2.59357588e+23
23 34 -1.4547861e+24
24 34 3.37915343e+24
25 34 192.537674
26 34 3.31814502
27 34 -6.84162899
28 34 1.28702958e+23
29 34 -3.82488515e+24
30 34 1.76692489e+24
31 34 7.9012915e+21
32 34 1.68043043e+20
33 34 2.95873822e+20
34 34 6.06327402e+43
35 34 -2.72795496e+44
36 34 -4.12020832e+43
37 34 -2.24902447e+21
38 34 1.11534116e+21
39 34 -2.92195443e+21
40 34 5.092477e+22
41 34 -2.71100512e+23
42 34 -2.09817138e+23
43 34 2.05267845e+21
44 34 -8.72118111e+20
45 34 -6.1598459e+20
46 34 3.15602016e+22
47 34 -7.32479138e+20
48 34 2.24753502e+23
49 34 -7.08760079e+20
50 34 4.30884904e+21
51 34 9.83951817e+20
52 34 5.60212536e+22
53 34 1.38485161e+23
54 34 -3.11236494e+23
55 34 3.78439755e+19
56 34 -1.12379679e+20
57 34 5.12157229e+20
58 34 -3.4120379e+22
59 34 3.55168527e+21
60 34 3.83235099e+22
61 34 -1.36142082e+20
62 34 -2.79474146e+21
63 34 1.05832306e+21
64 34 -1.82901078e+23
65 34 -1.24366192e+23
66 34 1.6505304e+23
67 34 -3.03428607e+21
68 34 4.45177802e+21
69 34 -6.58144741e+20
70 34 2.532457e+23
71 34 4.78917316e+23
72 34 -1.65491894e+22
1 35 54.806279
2 35 2.26973984
3 35 -2.18482533
4 35 1.32301891e+21
5 35 -1.99310623e+24
6 35 -2.03738157e+24
7 35 -191.194897
8 35 9.19335002
9 35 11.4430019
10 35 -7.35807307e+23
11 35 8.82739699e+24
12 35 -1.93861676e+25
13 35 -115.113869
14 35 -2.14281236
15 35 20.9053561
16 35 -1.06840845e+24
17 35 8.44459432e+24
18 35 -5.01753947e+24
19 35 45.92569
20 35 0.794834317
21 35 -3.18270907
22 35 1.59669865e+23
23 35 -8.95618677e+23
24 35 2.08032846e+24
25 35 -86.1284429
26 35 -1.48431555
27 35 3.06048598
28 35 -5.7573072e+22
29 35 1.7109971e+24
30 35 -7.90403697e+23
31 35 -2.50470582e+23
32 35 -6.93576547e+21
33 35 1.04843411e+22
34 35 -2.72795496e+44
35 35 7.61902708e+45
36 35 1.81370052e+45
37 35 7.46230148e+22
38 35 -3.70072095e+22
39 35 9.69509455e+22
40 35 -1.68969254e+24
41 35 8.99516115e+24
42 35 6.96176838e+24
43 35 7.57213143e+21
44 35 -3.217159e+21
45 35 -2.27230732e+21
46 35 1.16422518e+23
47 35 -2.70204439e+21
48 35 8.29093839e+23
49 35 4.31733263e+21
50 35 -2.62468713e+22
51 35 -5.99363228e+21
52 35 -3.41247192e+23
53 35 -8.43566845e+23
54 35 1.89586224e+24
55 35 -1.89356486e+20
56 35 5.62304061e+20
57 35 -2.56263492e+21
58 35 1.70725062e+23
59 35 -1.77712472e+22
60 35 -1.91755889e+23
61 35 -2.97634904e+21
62 35 -6.10988603e+22
63 35 2.31371431e+22
64 35 -3.99859793e+24
65 35 -2.71890359e+24
66 35 3.6084027e+24
67 35 1.37983882e+22
68 35 -2.02444199e+22
69 35 2.9929072e+21
70 35 -1.15163251e+24
71 35 -2.17787212e+24
72 35 7.52572875e+22
1 36 -81.0908614
2 36 -3.35828599
3 36 3.23264727
4 36 -1.9575265e+21
5 36 2.94898147e+24
6 36 3.01449086e+24
7 36 -163.7222
8 36 7.87236226
9 36 9.7987628
10 36 -6.30079531e+23
11 36 7.55899283e+24
12 36 -1.66005791e+25
13 36 -42.3945527
14 36 -0.789162698
15 36 7.69910026
16 36 -3.93477334e+23
17 36 3.11000579e+24
18 36 -1.84787761e+24
19 36 -4.51274743
20 36 -0.0781019625
21 36 0.31273917
22 36 -1.56894708e+22
23 36 8.80052293e+22
24 36 -2.04417112e+23
25 36 -211.011932
26 36 -3.63652566
27 36 7.49809284
28 36 -1.41052186e+23
29 36 4.19188822e+24
30 36 -1.9364638e+24
31 36 -1.20063316e+23
32 36 -1.75606688e+21
33 36 -9.65526031e+20
34 36 -4.12020832e+43
35 36 1.81370052e+45
36 36 1.09194924e+46
37 36 -3.00800354e+22
38 36 1.49173573e+22
39 36 -3.90802741e+22
40 36 6.811037e+23
41 36 -3.62588896e+24
42 36 -2.80624201e+24
43 36 3.33205362e+22
44 36 -1.41568413e+22
45 36 -9.99909987e+21
46 36 5.12307633e+23
47 36 -1.18901222e+22
48 36 3.64835866e+24
49 36 -5.10857585e+21
50 36 3.10571699e+22
51 36 7.09209313e+21
52 36 4.03788012e+23
53 36 9.98168448e+23
54 36 -2.2433194e+24
55 36 1.38806333e+21
56 36 -4.12192718e+21
57 36 1.87852005e+22
58 36 -1.25148709e+24
59 36 1.30270777e+23
60 36 1.40565197e+24
61 36 -3.36035269e+21
62 36 -6.89817346e+22
63 36 2.61222592e+22
64 36 -4.51449045e+24
65 36 -3.06969205e+24
66 36 4.07395287e+24
67 36 4.11262287e+22
68 36 -6.03386883e+22
69 36 8.9203887e+21
70 36 -3.43245177e+24
71 36 -6.49116881e+24
72 36 2.2430507e+23
13 37 0.448156664
14 37 0.250814646
15 37 0.0658385604
16 37 2.44526669e+22
17 37 -4.03410326e+22
18 37 -1.2766133e+22
25 37 -0.830176673
26 37 -0.0289528083
27 37 0.0556580688
28 37 -1.55794594e+21
29 37 6.5612365e+22
30 37 1.08931528e+22
31 37 -2.33365915
32 37 -0.0390252787
33 37 0.0776685443
34 37 -2.24902447e+21
35 37 7.46230148e+22
36 37 -3.00800354e+22
37 37 11.2390032
38 37 0.0958770173
39 37 1.82962176
40 37 -4.02921472e+22
41 37 -5.07708772e+23
42 37 -4.30825459e+22
43 37 -1.73685716
44 37 -0.792545648
45 37 -0.592069121
46 37 -13.1726743
47 37 151.593855
48 37 -119.810293
49 37 -0.823846262
50 37 1.93886991
51 37 -2.11711489
52 37 177.469922
53 37 186.820461
54 37 -148.328742
55 37 0.130318985
56 37 -0.656172953
57 37 -0.742736214
58 37 37.5705156
59 37 20.9632477
60 37 -62.4917782
61 37 0.605224169
62 37 0.329865443
63 37 -0.724170374
64 37 74.4924818
65 37 37.7521142
66 37 -23.3884389
67 37 0.0815461065
68 37 0.93699689
69 37 0.327682771
70 37 -53.9072826
71 37 -31.7932632
72 37 -59.5234326
73 37 0.52875901
74 37 0.642556797
75 37 0.510072417
76 37 -85.1491201
77 37 -33.0859826
78 37 -32.9861211
13 38 0.531667762
14 38 0.297552334
15 38 0.0781071506
16 38 2.90092634e+22
17 38 -4.78583234e+22
18 38 -1.51450194e+22
25 38 -0.506146014
26 38 -0.0176520842
27 38 0.0339338729
28 38 -9.49855799e+20
29 38 4.00028549e+22
30 38 6.64138858e+21
31 38 1.15731337
32 38 0.019353502
33 38 -0.0385175551
34 38 1.11534116e+21
35 38 -3.70072095e+22
36 38 1.49173573e+22
37 38 0.0958770173
38 38 1.00642071
39 38 -0.661800049
40 38 5.75314281e+21
41 38 1.56369729e+22
42 38 -2.00027909e+22
43 38 -0.00132098528
44 38 -0.000602779064
45 38 -0.000450304498
46 38 -0.0100186183
47 38 0.115296327
48 38 -0.091122999
49 38 -0.0479453828
50 38 0.112836416
51 38 -0.12320974
52 38 10.3282175
53 38 10.8723908
54 38 -8.63228812
55 38 0.000840507246
56 38 -0.00423206274
57 38 -0.00479036242
58 38 0.242315351
59 38 0.135204871
60 38 -0.403047893
61 38 0.00447052567
62 38 0.00243657145
63 38 -0.00534912916
64 38 0.550243314
65 38 0.278858321
66 38 -0.172760147
67 38 2.7380182e-05
68 38 0.000314609077
69 38 0.000110023817
70 38 -0.0181000819
71 38 -0.0106750079
72 38 -0.0199857784
73 38 -0.0873352353
74 38 -0.106131239
75 38 -0.0842487668
76 38 14.0640978
77 38 5.4648186
78 38 5.44832445
13 39 0.515423035
14 39 0.288460836
15 39 0.0757206426
16 39 2.81229061e+22
17 39 -4.63960466e+22
18 39 -1.46822742e+22
25 39 0.22123333
26 39 0.00771561813
27 39 -0.0148322885
28 39 4.15176165e+20
29 39 -1.74850034e+22
30 39 -2.90291036e+21
31 39 -3.03191262
32 39 -0.0507020211
33 39 0.100907727
34 39 -2.92195443e+21
35 39 9.69509455e+22
36 39 -3.90802741e+22
37 39 1.82962176
38 39 -0.661800049
39 39 2.75457611
40 39 -5.27018643e+21
41 39 -1.43025534e+22
42 39 2.46551743e+22
43 39 0.0592563353
44 39 0.0270392706
45 39 0.0201996153
46 39 0.449411976
47 39 -5.17192579
48 39 4.08756637
49 39 0.0614787742
50 39 -0.144686394
51 39 0.157987763
52 39 -13.2435307
53 39 -13.9413061
54 39 11.0688968
55 39 -0.00358311191
56 39 0.0180414321
57 39 0.0204214832
58 39 -1.03299885
59 39 -0.576383114
60 39 1.71820732
61 39 0.0123356535
62 39 0.00672330356
63 39 -0.01476001
64 39 1.51830262
65 39 0.769462
66 39 -0.476702175
67 39 0.00732810793
68 39 0.084202847
69 39 0.0294470799
70 39 -4.84435617
71 39 -2.85708875
72 39 -5.34904923
73 39 0.0791977265
74 39 0.0962424023
75 39 0.0763988414
76 39 -12.7536677
77 39 -4.95563111
78 39 -4.94067381
13 40 25.3135451
14 40 14.1669384
15 40 3.71880527
16 40 1.38117702e+24
17 40 -2.27861065e+24
18 40 -7.21078385e+23
25 40 24.7049508
26 40 0.861596968
27 40 -1.65630991
28 40 4.63623937e+22
29 40 -1.95253649e+24
30 40 -3.24165702e+23
31 40 52.8411572
32 40 0.883651278
33 40 -1.75865261
34 40 5.092477e+22
35 40 -1.68969254e+24
36 40 6.811037e+23
37 40 -4.02921472e+22
38 40 5.75314281e+21
39 40 -5.27018643e+21
40 40 1.30901184e+45
41 40 5.13778607e+45
42 40 -3.28925714e+45
43 40 1.50090844e+21
44 40 6.84879842e+20
45 40 5.11637666e+20
46 40 1.13831918e+22
47 40 -1.31000121e+23
48 40 1.03534294e+23
49 40 2.99285034e+20
50 40 -7.04348339e+20
51 40 7.69100778e+20
52 40 -6.4470878e+22
53 40 -6.78677209e+22
54 40 5.38845348e+22
55 40 -6.93498157e+19
56 40 3.49185295e+20
57 40 3.95250312e+20
58 40 -1.99933136e+22
59 40 -1.11556836e+22
60 40 3.3255272e+22
61 40 -7.45412832e+19
62 40 -4.06272497e+19
63 40 8.91910662e+19
64 40 -9.17472478e+21
65 40 -4.64966732e+21
66 40 2.88059257e+21
67 40 -1.2998491e+20
68 40 -1.49357783e+21
69 40 -5.22328012e+20
70 40 8.59284838e+22
71 40 5.06786239e+22
72 40 9.48806557e+22
73 40 -1.95651783e+22
74 40 -2.3775932e+22
75 40 -1.88737356e+22
76 40 3.15069376e+24
77 40 1.22424987e+24
78 40 1.22055478e+24
13 41 38.1109144
14 41 21.3290938
15 41 5.59886295
16 41 2.07943688e+24
17 41 -3.43057187e+24
18 41 -1.0856226e+24
25 41 -94.6343279
26 41 -3.30041742
27 41 6.34463013
28 41 -1.77594929e+23
29 41 7.47935019e+24
30 41 1.24174315e+24
31 41 -281.302493
32 41 -4.70416093
33 41 9.36227348
34 41 -2.71100512e+23
35 41 8.99516115e+24
36 41 -3.62588896e+24
37 41 -5.07708772e+23
38 41 1.56369729e+22
39 41 -1.43025534e+22
40 41 5.13778607e+45
41 41 3.77665893e+46
42 41 -6.77103986e+45
43 41 1.01312313e+23
44 41 4.62298423e+22
45 41 3.45358809e+22
46 41 7.68372975e+23
47 41 -8.8425948e+24
48 41 6.98863336e+24
49 41 2.49671757e+22
50 41 -5.87586638e+22
51 41 6.41604893e+22
52 41 -5.37833687e+24
53 41 -5.66171079e+24
54 41 4.49519519e+24
55 41 -8.01516357e+21
56 41 4.03573856e+22
57 41 4.56813888e+22
58 41 -2.31074411e+24
59 41 -1.28932756e+24
60 41 3.84350617e+24
61 41 -2.35671065e+22
62 41 -1.28447845e+22
63 41 2.81988084e+22
64 41 -2.90069753e+24
65 41 -1.4700472e+24
66 41 9.10733343e+23
67 41 -5.70967373e+21
68 41 -6.56064005e+22
69 41 -2.29436057e+22
70 41 3.77446586e+24
71 41 2.2260923e+24
72 41 4.16769597e+24
73 41 -7.28441686e+22
74 41 -8.85214525e+22
75 41 -7.02698213e+22
76 41 1.17305176e+25
77 41 4.55807059e+24
78 41 4.54431322e+24
13 42 -18.8129982
14 42 -10.5288527
15 42 -2.76381189
16 42 -1.02648921e+24
17 42 1.69346087e+24
18 42 5.35904644e+23
25 42 -12.4511498
26 42 -0.434239801
27 42 0.834770446
28 42 -2.33663736e+22
