# name: debug
# type: sparse matrix
# nnz: 4068
# rows: 90
# columns: 90

1 1 1273.39005
2 1 0.288474444
3 1 -0.381441549
4 1 -1.53566981
5 1 -0.54379456
6 1 470.491043
7 1 1.15557217
8 1 0.0246464288
9 1 0.0190126506
10 1 1.40758773
11 1 -1.51509817
12 1 -169.170871
13 1 0.261698091
14 1 0.0132701223
15 1 0.00453876066
16 1 0.281998737
17 1 -0.288775115
18 1 -31.6982748
19 1 -0.985285363
20 1 -0.0898874478
21 1 0.219103644
22 1 -0.506026312
23 1 -0.541383103
24 1 -4.83800455
25 1 -2.17366006
26 1 -0.0589088499
27 1 0.0461003736
28 1 -0.734421868
29 1 0.900404723
30 1 -68.1267832
31 1 -1.170393
32 1 -0.0484705775
33 1 0.0466570463
34 1 -0.461821527
35 1 0.522867666
36 1 -22.6455385
61 1 0.678046572
62 1 -0.0971775989
63 1 0.033088404
64 1 0.290850425
65 1 1.4187004
66 1 -7.82152532
1 2 0.288474444
2 2 1272.51796
3 2 -0.249591439
4 2 0.129523782
5 2 0.25537825
6 2 1.11308053
7 2 -3.0360683
8 2 -0.0647542777
9 2 -0.0499524886
10 2 0.0300215008
11 2 -0.0323145192
12 2 -3.6081328
13 2 -0.579137155
14 2 -0.0293667442
15 2 -0.0100442648
16 2 0.0142995225
17 2 -0.0146431374
18 2 -1.60734831
19 2 -1.13009534
20 2 -0.103098442
21 2 0.251305882
22 2 -0.0461647107
23 2 -0.0493903058
24 2 -0.441370488
25 2 1.76224182
26 2 0.0477589118
27 2 -0.0373747524
28 2 -0.0199037321
29 2 0.0244020708
30 2 -1.84631927
31 2 1.01698389
32 2 0.0421173026
33 2 -0.0405414798
34 2 -0.0191258458
35 2 0.0216540065
36 2 -0.937840815
61 2 2.75711069
62 2 -0.395148958
63 2 0.134545909
64 2 -0.0416846676
65 2 -0.203328066
66 2 1.1209806
1 3 -0.381441549
2 3 -0.249591439
3 3 1274.83971
4 3 -0.207782248
5 3 -0.120458281
6 3 2.80560229
7 3 -169.170266
8 3 -3.60811988
9 3 -2.78336155
10 3 0.0231590673
11 3 -0.0249279385
12 3 -2.78337152
13 3 -31.7061692
14 3 -1.60774862
15 3 -0.549895924
16 3 0.0048908449
17 3 -0.00500837101
18 3 -0.549759007
19 3 -4.66761618
20 3 -0.42582598
21 3 1.03796499
22 3 0.112528018
23 3 0.120390513
24 3 1.07585524
25 3 -68.0887431
26 3 -1.84528833
27 3 1.44406964
28 3 0.015576089
29 3 -0.0190963596
30 3 1.44487642
31 3 -22.6089415
32 3 -0.936325188
33 3 0.901292494
34 3 0.0184102505
35 3 -0.0208438198
36 3 0.902751414
61 3 -7.44929059
62 3 1.06763193
63 3 -0.363522428
64 3 0.0141933855
65 3 0.0692320171
66 3 -0.381687336
1 4 -1.53566981
2 4 0.129523782
3 4 -0.207782248
4 4 1270.48486
5 4 0.069344751
6 4 -0.105548237
7 4 3.52755067
8 4 -169.135383
9 4 4.8517064
10 4 1.40791419
11 4 0.0149077975
12 4 0.0117145625
13 4 1.58244318
14 4 -31.6837943
15 4 1.39365506
16 4 0.282290508
17 4 0.007129742
18 4 0.00251135329
19 4 0.722732985
20 4 -4.75726276
21 4 1.29838107
22 4 -0.513617212
23 4 -0.0294004422
24 4 0.0537212855
25 4 1.82750644
26 4 -68.1426976
27 4 -0.907371927
28 4 -0.734683761
29 4 -0.00984953138
30 4 0.00792005426
31 4 0.914294874
32 4 -22.6610114
33 4 -0.606724764
34 4 -0.462270058
35 4 -0.00935174626
36 4 0.00942729908
61 4 -0.865303575
62 4 -7.15931858
63 4 -3.29448547
64 4 0.28862567
65 4 -0.0192955799
66 4 0.0107328041
1 5 -0.54379456
2 5 0.25537825
3 5 -0.120458281
4 5 0.069344751
5 5 1272.13852
6 5 -0.0746189318
7 5 2.88521988
8 5 -4.79192935
9 5 -169.149264
10 5 -1.51544957
11 5 -0.0160464432
12 5 -0.0126093115
13 5 0.619288299
14 5 -1.36425225
15 5 -31.7185201
16 5 -0.289073897
17 5 -0.00730106839
18 5 -0.00257170065
19 5 -0.913433279
20 5 -1.41869312
21 5 -4.68963056
22 5 -0.54950439
23 5 -0.0314546937
24 5 0.0574748695
25 5 -1.46893527
26 5 0.868099115
27 5 -68.1518816
28 5 0.900725805
29 5 0.0120755726
30 5 -0.00971002441
31 5 -0.926964875
32 5 0.569337073
33 5 -22.6614668
34 5 0.523375486
35 5 0.0105879121
36 5 -0.0106734519
61 5 0.812280587
62 5 3.21561365
63 5 -7.2012677
64 5 1.40784856
65 5 -0.0941193291
66 5 0.0523521099
1 6 470.491043
2 6 1.11308053
3 6 2.80560229
4 6 -0.105548237
5 6 -0.0746189318
6 6 1273.53791
7 6 0.0040991795
8 6 -1.38068256
9 6 1.54065823
10 6 -169.210108
11 6 -1.79169301
12 6 -1.40791419
13 6 0.00893372505
14 6 -0.276861528
15 6 0.294363958
16 6 -31.7310715
17 6 -0.801423877
18 6 -0.282290508
19 6 0.036600015
20 6 0.632285563
21 6 0.423981971
22 6 -4.91057945
23 6 -0.281091062
24 6 0.513617212
25 6 -0.0392197274
26 6 0.75787916
27 6 -0.880786037
28 6 -68.151077
29 6 -0.913666815
30 6 0.734683761
31 6 -0.0400767835
32 6 0.485433932
33 6 -0.501024515
34 6 -22.6675323
35 6 -0.458565306
36 6 0.462270058
61 6 0.102188872
62 6 0.221237924
63 6 -1.44429583
64 6 -7.7616974
65 6 0.518895122
66 6 -0.28862567
1 7 1.15557217
2 7 -3.0360683
3 7 -169.170266
4 7 3.52755067
5 7 2.88521988
6 7 0.0040991795
7 7 1257.01208
8 7 -0.324226816
9 7 -1.37546677
10 7 -11.3859422
11 7 -6.42705868
12 7 791.313845
13 7 10.1194592
14 7 0.0672875887
15 7 0.566461763
16 7 6.18306757
17 7 3.61410611
18 7 -221.517368
19 7 -0.445635914
20 7 -0.000414621197
21 7 -0.0033329634
22 7 0.658586595
23 7 0.747942217
24 7 -176.208993
25 7 -1.36316343
26 7 0.0652373196
27 7 0.228778781
28 7 -0.649976015
29 7 0.181741893
30 7 -7.85603899
31 7 -2.39129401
32 7 0.11498212
33 7 0.143118771
34 7 -1.07316663
35 7 2.47070629
36 7 -37.8996592
55 7 0.036032882
56 7 1.93023297e-05
57 7 -8.30888381e-06
58 7 0.000428533038
59 7 -0.0882383101
60 7 3.51182651
1 8 0.0246464288
2 8 -0.0647542777
3 8 -3.60811988
4 8 -169.135383
5 8 -4.79192935
6 8 -1.38068256
7 8 -0.324226816
8 8 1272.27251
9 8 -0.110847277
10 8 -0.186777619
11 8 0.128375578
12 8 4.25652491
13 8 7.25637035
14 8 0.048249976
15 8 0.406193282
16 8 0.0411132354
17 8 0.0240313717
18 8 -1.47294131
19 8 1.49485454
20 8 0.00139081784
21 8 0.0111801929
22 8 0.000612751248
23 8 0.000695888028
24 8 -0.163945458
25 8 0.39899403
26 8 -0.0190947766
27 8 -0.066962894
28 8 0.0311060965
29 8 -0.00869767609
30 8 0.375968807
31 8 5.00109774
32 8 -0.240470983
33 8 -0.299315332
34 8 0.0516017579
35 8 -0.118800552
36 8 1.82235357
55 8 -0.176401887
56 8 -9.44961158e-05
57 8 4.06768125e-05
58 8 2.29559378e-07
59 8 -4.72680746e-05
60 8 0.00188123818
1 9 0.0190126506
2 9 -0.0499524886
3 9 -2.78336155
4 9 4.8517064
5 9 -169.149264
6 9 1.54065823
7 9 -1.37546677
8 9 -0.110847277
9 9 1294.67534
10 9 -0.807126497
11 9 -0.0588963144
12 9 22.6479097
13 9 -221.295708
14 9 -1.47146743
15 9 -12.3875747
16 9 0.346112503
17 9 0.20230853
18 9 -12.3999827
19 9 -176.213738
20 9 -0.163949872
21 9 -1.31792327
22 9 0.00492564658
23 9 0.00559394778
24 9 -1.31788778
25 9 -7.75901704
26 9 0.371325598
27 9 1.3021905
28 9 0.109085028
29 9 -0.030501617
30 9 1.31847363
31 9 -37.6034976
32 9 1.80811304
33 9 2.25056657
34 9 0.0642289438
35 9 -0.14787159
36 9 2.26829181
55 9 3.50849406
56 9 0.00187945303
57 9 -0.000809029639
58 9 -9.88161653e-08
59 9 2.03470227e-05
60 9 -0.000809798075
1 10 1.40758773
2 10 0.0300215008
3 10 0.0231590673
4 10 1.40791419
5 10 -1.51544957
6 10 -169.210108
7 10 -11.3859422
8 10 -0.186777619
9 10 -0.807126497
10 10 1260.62065
11 10 -0.100230781
12 10 -0.401466183
13 10 1.8300223
14 10 -221.772227
15 10 -6.3487385
16 10 6.18960545
17 10 0.0233862276
18 10 0.172766358
19 10 0.174493943
20 10 -176.208287
21 10 -1.41047959
22 10 0.65859469
23 10 0.000316828796
24 10 0.00246151814
25 10 -0.469907577
26 10 -7.9456173
27 10 -0.53418436
28 10 -0.657163538
29 10 0.0168732639
30 10 0.0543709799
31 10 -2.15365467
32 10 -37.5096849
33 10 -5.84883742
34 10 -1.07325668
35 10 0.0278557997
36 10 0.0303903328
55 10 -0.0018384353
56 10 3.50744198
57 10 0.175436248
58 10 0.000428397887
59 10 1.13502442e-07
60 10 -5.22755458e-08
1 11 -1.51509817
2 11 -0.0323145192
3 11 -0.0249279385
4 11 0.0149077975
5 11 -0.0160464432
6 11 -1.79169301
7 11 -6.42705868
8 11 0.128375578
9 11 -0.0588963144
10 11 -0.100230781
11 11 1272.07875
12 11 -0.033140398
13 11 12.3524237
14 11 6.44095296
15 11 -221.432852
16 11 3.61792761
17 11 0.01366964
18 11 0.100984817
19 11 1.31653279
20 11 1.41174456
21 11 -176.203445
22 11 0.74795141
23 11 0.00035981545
24 11 0.00279549166
25 11 -1.2884686
26 11 0.603920798
27 11 -7.84946677
28 11 0.183751619
29 11 -0.00471798781
30 11 -0.0152028453
31 11 -1.95795682
32 11 5.96019446
33 11 -37.5028809
34 11 2.47091361
35 11 -0.0641312334
